StudentID	Date	TableID	Slot_1	Slot_2	Slot_3	Slot_4	Slot_5	Slot_6	Slot_7	Slot_8
156	2025-01-22	0000	1	0	1	1	1	1	1	0
51	2025-01-22	0024	0	0	0	0	0	0	0	0
364	2025-01-23	0000	1	1	1	0	1	0	1	1
370	2025-01-23	0009	0	1	1	0	1	1	1	0
347	2025-01-22	0215	1	1	1	1	1	1	1	0
415	2025-01-22	0000	0	0	0	0	0	0	0	1
391	2025-01-22	0124	1	0	1	0	0	0	1	1
282	2025-01-22	0000	0	0	0	0	1	0	1	0
128	2025-01-20	0000	0	0	1	1	1	1	1	1
433	2025-01-20	0209	0	1	0	0	0	0	1	1
21	2025-01-23	0000	0	1	1	1	1	1	1	1
231	2025-01-23	0236	1	1	1	1	0	0	1	0
169	2025-01-18	0215	1	0	1	1	0	1	1	0
269	2025-01-18	0000	0	1	0	0	1	0	0	0
178	2025-01-19	0000	1	1	1	1	1	0	0	0
63	2025-01-19	0003	0	0	0	0	0	1	0	0
90	2025-01-19	0219	0	1	1	1	1	1	1	1
393	2025-01-19	0000	1	0	0	0	0	0	0	1
464	2025-01-21	0000	0	0	1	1	1	1	1	0
125	2025-01-21	0105	0	0	0	0	0	0	0	1
360	2025-01-23	0233	1	0	0	1	1	1	1	0
159	2025-01-23	0000	0	1	0	0	0	0	0	1
114	2025-01-24	0000	1	0	0	1	1	1	1	1
272	2025-01-24	0312	1	1	1	0	0	0	0	0
250	2025-01-20	0000	1	1	1	0	0	0	1	1
492	2025-01-20	0021	0	0	0	0	0	1	1	0
453	2025-01-18	0000	0	0	0	0	0	1	1	1
345	2025-01-18	0121	0	1	1	1	1	0	0	1
144	2025-01-17	0000	0	1	1	1	1	1	1	0
359	2025-01-17	0227	1	0	0	0	0	0	0	1
79	2025-01-23	0323	0	1	0	1	1	1	0	0
28	2025-01-23	0000	1	1	1	0	0	0	1	1
46	2025-01-22	0000	0	1	1	1	1	1	1	0
271	2025-01-22	0324	1	0	0	0	0	1	0	1
221	2025-01-18	0000	1	1	0	1	1	1	1	0
463	2025-01-18	0228	1	0	0	0	0	0	0	1
394	2025-01-17	0117	1	1	0	1	1	1	1	1
129	2025-01-17	0000	1	0	1	0	0	0	0	0
477	2025-01-21	0000	0	1	0	0	1	1	1	1
73	2025-01-21	0120	1	0	0	1	0	1	1	0
149	2025-01-19	0000	1	0	1	0	0	1	1	0
400	2025-01-19	0301	1	0	1	1	1	0	1	1
58	2025-01-22	0000	1	0	0	1	0	1	1	0
494	2025-01-22	0230	0	1	0	0	1	0	0	1
467	2025-01-22	0000	1	0	1	1	0	1	1	1
331	2025-01-22	0127	1	0	0	1	1	1	0	0
439	2025-01-18	0245	1	1	1	0	0	1	1	0
311	2025-01-18	0000	0	0	0	1	0	1	1	1
23	2025-01-22	0217	1	0	0	0	0	1	0	0
12	2025-01-22	0000	1	1	1	1	1	0	1	0
424	2025-01-24	0000	1	1	1	1	1	1	1	1
84	2025-01-24	0319	1	0	0	0	0	0	0	0
361	2025-01-20	0346	0	1	1	1	1	1	0	1
392	2025-01-20	0000	1	0	0	0	0	0	0	0
316	2025-01-23	0000	1	1	0	0	0	0	0	1
448	2025-01-23	0122	1	0	0	0	0	0	1	1
82	2025-01-17	0005	1	0	1	1	1	0	1	1
172	2025-01-17	0000	1	0	1	1	1	0	0	0
380	2025-01-23	0302	0	1	1	1	1	1	0	0
13	2025-01-23	0000	0	0	0	0	0	0	1	1
293	2025-01-17	0000	1	1	1	1	1	0	1	0
437	2025-01-17	0309	0	1	0	0	0	1	1	1
454	2025-01-21	0127	0	1	1	1	1	1	1	0
255	2025-01-21	0000	0	0	0	0	0	0	0	0
328	2025-01-21	0000	0	1	1	1	1	1	1	1
480	2025-01-21	0026	0	0	0	0	0	0	0	0
189	2025-01-17	0114	0	0	1	1	1	1	1	1
34	2025-01-17	0000	0	0	0	0	0	0	0	0
318	2025-01-20	0000	0	0	0	1	0	1	1	1
109	2025-01-20	0240	1	1	0	1	1	0	0	1
218	2025-01-21	0320	0	0	1	1	1	0	1	1
47	2025-01-21	0000	1	0	1	0	0	0	0	0
259	2025-01-24	0248	1	0	0	1	0	1	0	1
243	2025-01-24	0000	0	1	1	0	0	0	1	0
32	2025-01-19	0000	0	1	0	0	0	0	1	0
426	2025-01-19	0339	1	1	1	1	1	1	0	1
53	2025-01-17	0005	0	1	1	1	1	1	1	1
39	2025-01-17	0000	0	1	0	0	0	0	0	0
291	2025-01-17	0000	1	1	1	1	1	0	1	1
155	2025-01-17	0010	0	0	0	0	0	0	1	0
369	2025-01-23	0219	0	1	0	0	1	0	1	1
396	2025-01-20	0127	1	0	0	1	0	1	1	1
4	2025-01-24	0326	1	0	1	0	1	1	0	1
410	2025-01-17	0000	1	1	1	0	0	1	1	0
131	2025-01-18	0209	0	1	1	1	1	0	1	1
165	2025-01-24	0000	0	1	0	1	1	1	1	0
43	2025-01-24	0000	0	1	0	0	1	0	0	1
168	2025-01-18	0244	1	1	0	0	0	0	1	1
98	2025-01-23	0023	1	0	1	1	1	1	0	1
403	2025-01-18	0109	1	0	1	0	0	0	0	1
223	2025-01-22	0325	0	0	1	0	1	1	0	0
414	2025-01-21	0345	1	0	1	0	0	0	0	1
237	2025-01-19	0000	1	0	1	0	0	1	1	0
199	2025-01-19	0000	0	1	1	1	0	0	0	1
251	2025-01-17	0000	0	0	1	1	0	0	1	1
478	2025-01-20	0343	0	0	0	1	0	0	0	1
378	2025-01-19	0204	0	1	0	0	1	1	0	0
205	2025-01-18	0207	0	1	0	1	1	0	1	1
198	2025-01-24	0339	1	0	0	0	1	0	1	0
238	2025-01-23	0000	0	1	0	1	0	0	0	0
482	2025-01-22	0119	1	1	1	1	1	1	0	1
27	2025-01-23	0000	1	0	1	0	1	0	0	0
292	2025-01-22	0000	0	1	0	0	1	0	1	0
303	2025-01-19	0000	1	0	0	1	0	1	0	0
423	2025-01-17	0225	1	0	0	0	1	1	1	1
309	2025-01-20	0000	0	0	1	1	0	0	0	1
161	2025-01-23	0309	0	1	1	1	1	0	1	0
151	2025-01-18	0021	1	0	1	0	1	0	1	0
80	2025-01-18	0000	1	0	0	1	0	1	1	1
213	2025-01-20	0201	1	1	0	1	0	1	1	0
92	2025-01-20	0000	0	1	1	0	1	0	1	1
307	2025-01-19	0000	1	1	0	1	0	1	1	0
302	2025-01-23	0016	1	0	1	0	0	1	0	0
278	2025-01-20	0347	1	0	1	0	0	1	0	1
112	2025-01-17	0122	1	1	0	0	1	1	0	1
404	2025-01-22	0326	0	1	1	0	0	0	0	0
417	2025-01-23	0000	0	1	0	1	1	0	1	0
153	2025-01-21	0000	0	0	0	0	1	0	0	0
115	2025-01-23	0336	1	1	0	1	1	1	1	0
264	2025-01-24	0000	1	1	1	1	1	0	0	1
286	2025-01-18	0117	0	0	1	1	1	1	0	1
442	2025-01-23	0231	1	0	1	1	0	1	1	0
488	2025-01-21	0000	1	1	1	1	0	0	1	0
14	2025-01-19	0327	0	1	0	1	0	0	0	0
111	2025-01-21	0000	1	0	0	0	0	1	1	0
332	2025-01-17	0000	0	1	0	0	0	1	0	0
185	2025-01-24	0000	0	0	1	0	1	1	0	1
65	2025-01-18	0108	1	0	0	0	1	0	0	1
489	2025-01-19	0326	1	1	0	0	1	1	0	1
224	2025-01-22	0000	1	1	0	0	1	1	1	1
147	2025-01-17	0307	0	0	0	1	0	0	0	1
335	2025-01-22	0213	1	1	0	1	0	1	1	1
279	2025-01-22	0329	0	0	1	1	1	1	0	1
473	2025-01-23	0312	1	1	1	1	0	0	1	0
26	2025-01-22	0013	0	0	0	1	0	0	0	0
190	2025-01-23	0000	1	1	0	1	1	0	1	1
252	2025-01-21	0101	0	1	1	1	0	1	0	1
422	2025-01-21	0127	1	0	0	1	1	0	0	0
227	2025-01-17	0330	0	1	1	0	1	1	1	1
493	2025-01-18	0000	1	1	0	0	0	0	1	1
280	2025-01-18	0000	1	0	1	0	0	0	1	1
219	2025-01-19	0000	1	1	0	1	0	0	1	1
192	2025-01-17	0006	0	0	1	0	1	1	0	0
498	2025-01-21	0249	1	1	1	0	1	0	1	1
164	2025-01-24	0130	1	1	0	0	1	1	0	1
235	2025-01-20	0000	1	0	0	0	0	0	0	0
77	2025-01-23	0000	0	0	1	0	0	1	1	1
83	2025-01-21	0240	0	0	0	0	0	1	1	0
490	2025-01-17	0000	1	0	1	1	1	1	0	1
427	2025-01-23	0334	1	0	0	0	1	1	0	0
329	2025-01-23	0000	0	0	0	1	0	1	1	1
382	2025-01-19	0000	1	1	0	1	1	1	1	0
102	2025-01-17	0242	0	1	1	1	0	0	1	1
48	2025-01-21	0000	1	1	1	1	1	1	1	1
401	2025-01-23	0204	0	0	0	0	0	1	1	0
86	2025-01-20	0000	0	0	0	0	0	0	0	0
17	2025-01-24	0000	0	0	1	1	0	0	1	0
117	2025-01-17	0026	0	1	1	0	0	0	1	1
472	2025-01-18	0230	0	0	1	1	1	0	1	1
428	2025-01-23	0000	1	0	0	0	1	1	1	1
148	2025-01-22	0123	1	1	0	0	0	1	0	1
217	2025-01-24	0000	0	0	1	0	0	0	1	1
343	2025-01-17	0103	1	0	0	0	1	0	0	0
95	2025-01-24	0000	1	1	0	0	1	0	0	0
430	2025-01-21	0001	1	1	0	0	0	1	0	1
171	2025-01-20	0244	0	1	0	1	1	0	0	0
67	2025-01-24	0000	0	1	1	0	0	1	0	1
74	2025-01-20	0000	1	0	0	1	0	1	0	1
371	2025-01-22	0329	0	0	0	0	0	0	1	1
258	2025-01-22	0000	0	0	1	1	1	1	1	1
225	2025-01-21	0229	0	0	0	0	0	1	1	0
136	2025-01-24	0205	0	1	0	1	1	0	1	1
283	2025-01-19	0004	1	0	0	1	1	0	0	0
436	2025-01-19	0116	1	1	0	0	1	0	0	0
124	2025-01-23	0000	1	0	1	1	1	0	0	0
373	2025-01-23	0000	0	0	0	0	1	1	0	1
123	2025-01-19	0316	1	1	0	0	1	0	1	0
353	2025-01-24	0017	0	0	0	0	1	1	0	1
441	2025-01-24	0328	1	0	1	1	1	1	1	0
75	2025-01-21	0115	0	1	0	0	1	1	0	1
121	2025-01-17	0218	0	0	0	1	1	1	0	1
180	2025-01-24	0000	1	1	0	0	1	0	1	0
193	2025-01-23	0000	1	1	0	1	1	1	1	0
175	2025-01-20	0000	1	1	1	1	1	1	0	0
118	2025-01-23	0347	1	1	1	0	0	1	0	0
130	2025-01-19	0000	0	1	1	1	0	1	1	1
11	2025-01-21	0250	0	0	1	0	0	1	1	0
468	2025-01-22	0007	1	0	0	0	0	1	1	1
42	2025-01-21	0329	1	1	0	0	1	1	1	0
355	2025-01-21	0000	1	0	1	1	1	0	1	1
324	2025-01-24	0000	1	1	0	0	1	1	1	1
299	2025-01-20	0303	1	1	1	1	1	0	1	1
127	2025-01-22	0113	0	0	0	1	1	0	0	1
500	2025-01-17	0000	0	0	1	0	0	0	0	0
166	2025-01-21	0204	0	0	1	1	1	1	0	1
220	2025-01-24	0000	1	0	1	1	1	1	0	1
88	2025-01-24	0000	0	0	0	0	0	0	0	1
55	2025-01-17	0000	0	1	1	1	1	1	1	0
66	2025-01-22	0317	1	1	0	0	0	1	1	1
116	2025-01-20	0248	0	0	0	1	0	0	1	1
104	2025-01-24	0340	0	1	1	1	0	1	1	1
325	2025-01-24	0000	1	0	0	1	1	1	0	1
462	2025-01-18	0000	1	0	0	1	0	0	0	1
228	2025-01-21	0000	1	0	1	1	0	1	1	1
455	2025-01-22	0000	0	1	1	1	1	1	0	1
167	2025-01-18	0013	1	1	0	1	1	1	0	0
405	2025-01-20	0113	0	0	1	0	0	0	0	1
186	2025-01-21	0016	1	1	1	1	1	0	0	0
44	2025-01-23	0120	0	0	1	0	0	0	0	1
85	2025-01-18	0000	1	0	0	0	1	0	0	1
119	2025-01-23	0030	0	0	0	1	0	1	0	1
9	2025-01-24	0000	0	0	1	1	1	1	1	0
15	2025-01-18	0343	1	1	0	1	1	1	1	0
91	2025-01-18	0000	0	1	1	0	1	1	1	1
338	2025-01-23	0129	1	0	0	0	0	1	0	0
16	2025-01-20	0104	1	1	1	1	1	0	1	0
154	2025-01-22	0018	1	0	0	0	0	1	0	1
444	2025-01-21	0000	1	0	0	0	1	0	1	1
145	2025-01-19	0223	1	0	1	0	1	0	0	1
408	2025-01-23	0000	0	0	1	1	0	1	0	0
407	2025-01-20	0000	0	1	0	0	1	0	0	0
413	2025-01-18	0013	0	0	1	1	1	1	1	0
177	2025-01-20	0018	0	1	0	1	0	1	1	1
197	2025-01-19	0000	1	1	1	1	1	0	0	0
162	2025-01-17	0000	1	1	1	0	0	1	0	0
349	2025-01-17	0330	0	1	0	0	1	0	1	1
107	2025-01-17	0000	0	1	1	0	0	1	1	1
122	2025-01-17	0306	0	1	0	1	1	0	1	1
50	2025-01-19	0125	1	0	1	0	1	0	1	1
181	2025-01-21	0316	1	0	1	0	0	1	1	1
262	2025-01-17	0000	1	0	0	1	0	0	0	1
346	2025-01-17	0201	1	0	0	0	0	1	1	1
341	2025-01-22	0000	1	1	1	1	1	0	0	1
140	2025-01-21	0212	0	1	1	1	0	1	0	0
202	2025-01-22	0000	0	1	0	1	0	0	0	0
388	2025-01-18	0000	0	0	1	1	0	1	0	1
483	2025-01-20	0227	1	0	0	0	0	0	1	0
266	2025-01-17	0000	1	1	1	0	0	1	0	0
314	2025-01-23	0327	0	0	1	1	0	0	1	0
323	2025-01-20	0330	0	0	1	1	1	1	1	1
268	2025-01-20	0219	0	0	0	0	0	0	0	0
2	2025-01-17	0126	1	1	0	0	1	1	0	1
137	2025-01-23	0013	0	1	1	1	0	0	1	0
239	2025-01-18	0009	0	1	1	0	0	1	0	1
294	2025-01-20	0114	0	1	1	1	0	1	1	1
312	2025-01-17	0102	0	0	0	0	1	0	1	1
204	2025-01-18	0000	0	1	0	0	1	1	0	1
466	2025-01-21	0000	0	1	1	0	0	1	1	1
297	2025-01-20	0006	1	1	1	0	1	0	1	0
232	2025-01-22	0000	0	1	1	1	0	0	0	1
141	2025-01-23	0000	0	0	0	1	0	1	1	0
30	2025-01-24	0000	1	1	0	0	1	1	0	0
20	2025-01-19	0021	1	0	0	0	1	1	1	0
103	2025-01-22	0000	0	1	0	1	0	0	1	1
25	2025-01-18	0207	1	0	0	0	1	1	1	1
158	2025-01-22	0000	1	0	1	0	0	1	1	0
495	2025-01-24	0317	1	1	1	1	1	1	1	1
418	2025-01-19	0000	0	1	0	1	1	1	1	0
322	2025-01-23	0230	0	0	0	1	0	1	0	1
386	2025-01-18	0331	0	1	0	0	0	0	1	0
62	2025-01-22	0105	0	0	1	0	1	0	0	1
206	2025-01-17	0000	0	0	0	1	1	1	0	1
183	2025-01-21	0021	1	1	1	1	1	0	1	0
499	2025-01-17	0000	0	0	0	1	1	0	0	1
383	2025-01-22	0213	1	1	1	1	1	1	0	0
174	2025-01-20	0000	0	1	0	1	0	0	0	1
340	2025-01-21	0104	0	1	0	0	1	0	1	1
300	2025-01-17	0000	0	1	0	1	0	1	1	1
381	2025-01-21	0315	1	0	0	0	0	0	0	0
150	2025-01-22	0330	0	0	1	0	1	0	0	0
474	2025-01-18	0013	1	1	0	1	1	0	0	1
210	2025-01-24	0000	0	0	1	1	0	1	0	0
465	2025-01-19	0336	0	0	0	0	0	0	0	0
81	2025-01-21	0215	0	1	1	1	1	1	0	0
337	2025-01-19	0000	1	0	0	1	0	1	1	0
249	2025-01-23	0000	0	1	1	1	0	0	0	0
40	2025-01-19	0000	0	0	1	1	0	0	0	1
106	2025-01-18	0000	0	1	0	1	0	1	0	0
445	2025-01-20	0210	1	0	0	0	1	0	1	1
216	2025-01-18	0323	1	1	0	1	1	0	1	0
257	2025-01-19	0000	1	0	1	0	1	0	0	0
99	2025-01-18	0000	1	0	1	0	0	1	0	1
61	2025-01-24	0000	1	0	1	0	0	1	0	0
234	2025-01-21	0335	0	1	1	0	1	0	0	1
440	2025-01-18	0107	1	1	0	0	1	0	1	0
385	2025-01-18	0250	1	0	1	1	0	1	1	1
358	2025-01-21	0111	1	1	0	0	1	1	1	0
273	2025-01-19	0000	1	1	1	1	0	0	1	1
5	2025-01-20	0000	1	0	0	0	1	0	1	0
277	2025-01-19	0345	0	0	0	0	1	1	0	1
352	2025-01-23	0000	1	1	1	0	1	0	1	0
398	2025-01-21	0237	0	1	1	1	1	0	1	0
247	2025-01-17	0221	1	1	0	0	1	0	0	0
491	2025-01-18	0334	1	0	0	0	1	0	1	0
397	2025-01-22	0324	1	1	1	1	1	0	0	1
176	2025-01-17	0000	1	0	1	0	1	0	0	1
57	2025-01-17	0000	1	1	0	1	0	0	0	1
425	2025-01-17	0000	0	0	0	1	1	1	1	0
446	2025-01-24	0222	1	1	1	1	1	1	1	0
3	2025-01-20	0000	0	0	0	0	1	1	0	1
94	2025-01-23	0000	0	1	1	0	0	0	0	0
260	2025-01-22	0000	1	1	1	0	1	1	0	1
317	2025-01-17	0000	0	0	1	0	1	1	1	0
207	2025-01-21	0000	1	1	1	1	0	0	1	0
29	2025-01-23	0022	0	1	1	0	1	0	1	1
390	2025-01-18	0000	1	0	1	1	1	0	1	1
71	2025-01-19	0203	1	1	0	1	0	0	0	1
449	2025-01-21	0325	0	0	1	1	0	1	0	0
497	2025-01-21	0000	1	1	1	1	0	0	1	1
59	2025-01-22	0000	1	1	1	0	1	1	0	0
157	2025-01-22	0000	0	1	1	1	0	1	0	0
379	2025-01-17	0000	0	0	0	1	0	1	1	1
72	2025-01-17	0000	0	1	0	0	0	1	1	1
184	2025-01-20	0316	1	0	1	0	0	0	0	0
321	2025-01-19	0000	1	0	0	1	0	1	0	1
431	2025-01-24	0000	0	0	1	0	0	1	0	0
152	2025-01-21	0000	0	1	1	0	1	1	0	0
447	2025-01-18	0023	1	0	1	0	1	0	1	1
33	2025-01-19	0231	1	1	0	1	1	1	1	1
179	2025-01-22	0311	1	0	0	0	0	0	1	0
135	2025-01-20	0000	0	0	0	0	0	0	1	0
6	2025-01-23	0122	1	1	0	0	1	0	1	1
263	2025-01-18	0310	1	1	0	1	0	0	1	0
288	2025-01-23	0000	1	1	0	1	1	0	0	1
402	2025-01-19	0204	0	0	0	1	1	0	0	1
301	2025-01-24	0000	0	1	0	0	0	1	0	0
484	2025-01-24	0000	0	0	1	1	0	1	0	1
211	2025-01-19	0004	1	0	0	1	1	0	1	0
289	2025-01-23	0000	0	0	0	1	1	1	0	1
208	2025-01-23	0000	0	1	1	1	0	0	0	0
376	2025-01-24	0109	1	1	0	0	1	1	0	1
326	2025-01-23	0102	1	0	0	1	0	0	0	1
8	2025-01-24	0214	1	0	1	0	0	0	0	1
100	2025-01-21	0029	1	0	1	0	1	1	0	1
7	2025-01-22	0000	1	0	0	0	1	1	0	1
458	2025-01-17	0000	1	0	0	1	0	0	0	1
435	2025-01-17	0000	0	0	0	0	1	0	1	1
241	2025-01-18	0000	1	0	1	1	0	1	0	0
296	2025-01-18	0000	0	0	1	0	0	1	0	0
470	2025-01-24	0105	1	1	0	1	1	1	0	1
209	2025-01-20	0003	0	0	0	0	1	1	1	1
344	2025-01-17	0214	1	1	0	0	0	0	1	0
419	2025-01-19	0348	0	1	1	0	0	1	0	0
36	2025-01-17	0115	1	1	1	1	1	0	0	1
476	2025-01-24	0000	0	1	0	1	0	1	1	1
246	2025-01-20	0128	0	1	1	0	0	1	1	1
366	2025-01-19	0000	1	0	1	0	1	1	0	0
31	2025-01-23	0000	1	1	1	1	0	1	0	0
133	2025-01-19	0345	0	0	1	1	0	1	0	0
339	2025-01-23	0028	0	1	1	1	1	1	1	1
89	2025-01-19	0002	1	0	0	0	1	1	1	1
284	2025-01-18	0000	1	1	0	0	1	0	1	1
244	2025-01-20	0000	1	0	1	0	0	1	0	0
19	2025-01-24	0000	0	1	1	1	1	0	0	1
348	2025-01-21	0000	1	0	1	0	0	1	1	1
233	2025-01-23	0000	1	0	0	1	0	1	0	1
45	2025-01-19	0000	0	0	1	1	1	1	1	1
38	2025-01-23	0000	0	0	0	0	1	1	0	1
434	2025-01-18	0000	0	0	0	1	0	0	0	1
479	2025-01-22	0000	1	1	1	0	0	0	0	1
160	2025-01-24	0204	0	0	1	1	0	1	0	1
319	2025-01-20	0312	1	0	0	0	1	0	1	0
306	2025-01-21	0000	1	1	1	0	0	0	0	0
334	2025-01-19	0028	1	1	0	0	1	1	0	0
163	2025-01-17	0000	1	1	0	1	0	1	0	1
22	2025-01-23	0112	1	0	1	0	0	1	0	0
214	2025-01-20	0000	0	1	0	0	1	1	1	1
387	2025-01-18	0310	1	0	1	0	1	1	0	0
363	2025-01-24	0000	0	0	0	1	0	0	0	0
456	2025-01-24	0000	0	1	0	1	1	0	0	1
265	2025-01-23	0000	0	0	0	1	1	0	0	1
245	2025-01-21	0322	0	1	1	0	1	0	0	1
56	2025-01-20	0244	0	0	0	0	1	1	0	1
336	2025-01-20	0000	1	1	0	1	1	0	0	1
486	2025-01-18	0000	1	1	0	1	0	1	1	0
274	2025-01-19	0206	1	1	0	0	1	1	1	0
138	2025-01-24	0214	0	1	0	0	1	1	0	1
275	2025-01-23	0340	0	1	0	0	0	1	0	0
459	2025-01-20	0238	1	1	0	0	1	0	1	0
236	2025-01-23	0000	1	1	0	0	1	1	0	1
305	2025-01-24	0000	0	1	0	0	1	1	1	1
10	2025-01-22	0246	1	1	0	1	0	0	0	1
308	2025-01-23	0126	0	0	1	1	0	1	0	1
108	2025-01-24	0000	0	0	0	0	0	0	0	1
310	2025-01-23	0000	1	1	0	0	0	1	1	0
421	2025-01-18	0345	1	0	1	1	1	1	0	1
412	2025-01-24	0000	0	0	1	1	1	0	0	1
471	2025-01-23	0000	1	1	0	0	0	1	1	1
142	2025-01-24	0000	0	1	0	1	0	1	1	0
377	2025-01-19	0000	0	0	1	0	0	0	0	0
450	2025-01-17	0000	1	1	1	1	0	1	0	1
342	2025-01-18	0000	0	0	1	0	1	1	1	1
420	2025-01-17	0000	1	0	1	0	0	1	1	0
395	2025-01-17	0000	1	1	0	0	1	0	0	1
105	2025-01-24	0000	1	1	1	0	1	1	1	1
362	2025-01-20	0000	0	1	1	0	1	0	1	1
37	2025-01-17	0123	0	1	0	0	0	0	0	1
469	2025-01-20	0000	0	0	0	1	0	0	0	1
96	2025-01-24	0000	1	1	1	0	1	0	1	0
276	2025-01-22	0319	0	0	0	0	0	0	1	0
354	2025-01-20	0123	0	0	0	0	0	1	0	0
18	2025-01-24	0000	1	1	1	1	0	0	1	0
281	2025-01-22	0000	1	1	0	1	1	0	1	0
248	2025-01-17	0026	0	1	1	1	1	0	0	0
215	2025-01-22	0317	1	1	1	0	1	1	0	1
485	2025-01-18	0304	1	0	1	1	1	1	0	0
389	2025-01-20	0000	0	0	0	1	0	1	1	1
313	2025-01-23	0314	1	0	1	0	0	1	0	1
372	2025-01-20	0019	0	1	1	1	0	0	1	1
368	2025-01-22	0228	0	0	0	0	1	1	0	0
333	2025-01-18	0341	0	0	0	0	1	0	1	1
97	2025-01-23	0000	1	1	0	1	1	0	0	0
375	2025-01-20	0248	1	0	0	1	0	0	0	0
110	2025-01-22	0112	0	0	0	0	1	1	1	0
60	2025-01-17	0000	1	0	1	1	0	1	1	1
315	2025-01-22	0118	1	0	1	1	1	1	0	1
1	2025-01-23	0000	1	1	1	0	1	1	1	1
287	2025-01-21	0000	0	0	0	1	0	0	0	0
357	2025-01-23	0347	1	0	0	1	1	1	1	1
496	2025-01-23	0203	1	0	1	1	0	1	0	0
429	2025-01-19	0015	0	1	1	0	0	0	1	0
173	2025-01-21	0000	1	0	1	1	0	0	1	0
188	2025-01-17	0214	1	0	1	0	0	0	1	1
290	2025-01-20	0220	0	0	1	0	1	1	1	0
460	2025-01-18	0000	0	1	1	1	0	0	1	1
146	2025-01-23	0247	1	0	0	1	1	1	0	1
230	2025-01-19	0340	0	0	1	0	0	0	1	1
49	2025-01-19	0233	1	1	1	0	1	1	1	1
285	2025-01-19	0000	0	1	1	0	1	1	1	1
457	2025-01-18	0202	1	1	0	1	0	0	0	0
229	2025-01-24	0028	1	1	0	0	0	1	1	0
270	2025-01-20	0000	1	1	0	1	0	1	1	0
253	2025-01-21	0000	0	1	0	0	1	1	1	0
201	2025-01-22	0000	0	1	1	1	1	1	0	0
203	2025-01-17	0240	0	0	1	1	1	0	1	1
350	2025-01-23	0000	1	0	1	1	1	1	0	1
113	2025-01-23	0000	1	0	1	0	0	0	1	0
143	2025-01-18	0000	0	1	1	0	1	0	0	0
409	2025-01-24	0000	0	1	1	1	1	1	1	0
399	2025-01-23	0000	0	0	0	1	1	0	1	0
52	2025-01-20	0000	1	0	1	0	1	0	0	1
320	2025-01-20	0000	0	0	0	0	1	1	0	1
134	2025-01-19	0000	0	0	0	0	1	0	0	1
195	2025-01-23	0000	1	0	0	1	0	0	0	0
68	2025-01-22	0206	1	0	1	0	0	1	0	1
356	2025-01-22	0000	0	0	1	0	0	1	0	1
200	2025-01-23	0000	0	0	0	1	1	0	1	1
69	2025-01-22	0126	1	1	0	1	1	1	1	0
87	2025-01-17	0000	1	1	0	1	1	1	0	0
298	2025-01-17	0227	0	1	1	0	1	0	1	1
120	2025-01-23	0128	0	1	0	1	0	1	1	0
295	2025-01-24	0110	1	1	0	1	1	1	0	0
256	2025-01-21	0000	0	1	1	1	1	1	0	0
304	2025-01-24	0000	0	0	0	1	0	1	1	0
78	2025-01-17	0000	1	0	1	1	1	0	1	1
132	2025-01-21	0321	1	0	1	0	1	0	1	1
411	2025-01-19	0241	1	0	1	1	0	1	1	1
267	2025-01-21	0326	1	0	1	0	1	1	0	0
101	2025-01-17	0000	1	0	0	0	0	0	0	1
54	2025-01-17	0000	0	1	0	0	1	1	1	1
365	2025-01-23	0103	1	1	0	0	0	0	1	0
242	2025-01-17	0324	1	1	0	1	1	1	1	1
24	2025-01-22	0323	1	0	0	1	1	0	1	1
93	2025-01-21	0030	0	1	0	1	0	1	1	0
451	2025-01-17	0000	1	0	1	0	0	1	1	1
461	2025-01-20	0000	1	0	1	1	0	0	1	1
254	2025-01-19	0000	0	0	0	1	0	1	0	1
487	2025-01-19	0000	1	0	1	0	1	0	0	0
41	2025-01-20	0000	1	1	0	1	1	1	0	0
481	2025-01-18	0106	0	0	1	0	1	0	1	0
452	2025-01-24	0129	0	0	0	0	1	1	0	0
170	2025-01-24	0000	1	0	1	1	0	0	1	1
438	2025-01-22	0000	1	1	0	0	0	0	1	0
351	2025-01-21	0020	1	0	0	1	0	1	0	0
443	2025-01-18	0000	0	1	0	1	1	0	1	0
374	2025-01-19	0011	0	0	0	0	1	1	0	1
35	2025-01-23	0000	0	1	1	1	1	1	0	1
196	2025-01-17	0124	0	0	1	0	1	0	1	1
327	2025-01-19	0000	1	1	0	0	0	1	0	0
367	2025-01-23	0000	1	0	1	1	1	0	1	1
